+57 315 36051770000
+57 300 31049300000
+57 313 81750390000
+57 321 28197610000
+57 312 51129320000
+57 313 49452210000
+57 320 36461640000
+57 321 36732710000
+57 320 94667700000
+57 320 81016440000
+57 310 42743620000
+57 302 36042860000
+57 310 77801860000
+57 311 80822500000
+57 311 72047490000
+57 312 35826770000
+57 311 58895450000
+57 310 30296600000
+57 311 21940290000
+57 320 93769910000
+57 321 97372690000
+57 311 57928900000
+57 310 57193020000
+57 310 33737780000
+57 301 28556560000
+57 302 24646710000
+57 317 67142090000