+57 310 2439554
+57 300 8021613
+57 312 5112932
+57 313 4945221
+57 320 3876695
+57 300 3001099
+57 320 3646164
+57 321 3673271
+57 300 3849260
+57 320 9466770
+57 320 8101644
+57 310 4274362
+57 302 3604286
+57 310 6743544
+57 310 2434249
+57 310 7780186
+57 313 2965796
+57 311 8082250
+57 321 2872735
+57 315 7637913
+57 311 7204749
+57 312 3582677
+57 311 5889545
+57 310 2252272
+57 310 3029660
+57 311 2194029
+57 320 9376991
+57 304 4816889
+57 321 9737269
+57 311 5792890
+57 310 5719302
+57 310 3373778
+57 301 2855656
+57 302 2464671
+57 317 6714209
+57 318 2652936